 B Minor Pentatonic
  0  1   2   3   4   5   6   7   8   9  10  11  12  13  14  15  16  17  18  19  20  21  22
E-x------x-----------x-------x-----------x-------x-------x-----------x-------x-----------x----
B-x----------x-------x-------x-----------x-------x-----------x-------x-------x-----------x----
G--------x-------x-----------x-------x-------x-----------x-------x-----------x-------x--------
D-x------x-------x-----------x-------x-----------x-------x-------x-----------x-------x--------
A-x------x-----------x-------x-------x-----------x-------x-----------x-------x-------x--------
E-x------x-----------x-------x-----------x-------x-------x-----------x-------x-----------x----
B Major Pentatonic
  0  1   2   3   4   5   6   7   8   9  10  11  12  13  14  15  16  17  18  19  20  21  22
E--------x-------x-----------x-------x-------x-----------x-------x-----------x-------x--------
B-x------x-------x-----------x-------x-----------x-------x-------x-----------x-------x--------
G----x-----------x-------x-------x-----------x-------x-----------x-------x-------x------------
D----x-----------x-------x-----------x-------x-------x-----------x-------x-----------x--------
A--------x-------x-------x-----------x-------x-----------x-------x-------x-----------x--------
E--------x-------x-----------x-------x-------x-----------x-------x-----------x-------x--------
B Harmonic Minor
  0  1   2   3   4   5   6   7   8   9  10  11  12  13  14  15  16  17  18  19  20  21  22
E-x------x---x-----------x---x-------x---x-------x-------x---x-----------x---x-------x---x----
B-x------x---x-------x-------x---x-----------x---x-------x---x-------x-------x---x------------
G-x----------x---x-------x---x-------x-------x---x-----------x---x-------x---x-------x--------
D-x------x-------x---x-----------x---x-------x---x-------x-------x---x-----------x---x--------
A----x---x-------x---x-------x-------x---x-----------x---x-------x---x-------x-------x---x----
E-x------x---x-----------x---x-------x---x-------x-------x---x-----------x---x-------x---x----
B Blues
  0  1   2   3   4   5   6   7   8   9  10  11  12  13  14  15  16  17  18  19  20  21  22
E-x--x---x-----------x-------x-----------x-------x---x---x-----------x-------x-----------x----
B-x----------x-------x---x---x-----------x-------x-----------x-------x---x---x-----------x----
G--------x-------x-----------x-------x---x---x-----------x-------x-----------x-------x---x----
D-x------x---x---x-----------x-------x-----------x-------x---x---x-----------x-------x--------
A-x------x-----------x-------x---x---x-----------x-------x-----------x-------x---x---x--------
E-x--x---x-----------x-------x-----------x-------x---x---x-----------x-------x-----------x----